ras-k7 0 1 0.0
ras-k1 0 31 0.0
ras-k2 0 7 0.0
r6-k1 0 2 0.0
r6-k2 2 24 0.0769230769231
pof 0 24 0.0
adv 21 80 0.207920792079
k3 0 43 0.0
rs 0 10 0.0
k2s 0 4 0.0
sent-adv 94 10 0.903846153846
k1 2 76 0.025641025641
rd 4 19 0.173913043478
k2 1 125 0.00793650793651
nmod__relc 6 2 0.75
k7 29 486 0.0563106796117
jjmod 0 48 0.0
k5 0 177 0.0
k4 0 66 0.0
rh 50 127 0.282485875706
k4a 0 1 0.0
k7a 3 5 0.375
rt 12 225 0.0506329113924
None 216 55 0.79704797048
fragof 0 5 0.0
k7p 0 93 0.0
k7t 76 197 0.278388278388
rsp 0 11 0.0
mod 0 1 0.0
k1s 20 10 0.666666666667
r6 3 92 0.0315789473684
k1u 0 3 0.0
vmod 34 41 0.453333333333
nmod 0 108 0.0
ccof 95 117 0.448113207547
k2p 0 6 0.0
