nodeParent distribution between connective and not a connective

None 216 55 0.79704797048 0.20295202952
NP12 1 10 0.0909090909091 0.909090909091
NULL__CCP 1 6 0.142857142857 0.857142857143
VGF6 1 0 1.0 0.0
VGF 273 873 0.238219895288 0.761780104712
VGF4 6 21 0.222222222222 0.777777777778
VGF3 9 120 0.0697674418605 0.93023255814
CCP 71 59 0.546153846154 0.453846153846
VGF2 47 489 0.0876865671642 0.912313432836
VGNN2 1 38 0.025641025641 0.974358974359
NP7 1 19 0.05 0.95
NP6 1 34 0.0285714285714 0.971428571429
NP9 2 17 0.105263157895 0.894736842105
NP4 1 54 0.0181818181818 0.981818181818
CCP4 5 2 0.714285714286 0.285714285714
NULL__VGF 6 11 0.352941176471 0.647058823529
CCP2 17 40 0.298245614035 0.701754385965
CCP3 4 10 0.285714285714 0.714285714286
NP2 5 18 0.217391304348 0.782608695652
