Yes
0.850517960014 0.850517960014 0.928333333333 0.850517960014
No
0.950691132007 0.950691132007 0.928333333333 0.950691132007
Yes
0.851135543662 0.851135543662 0.928666666667 0.851135543662
No
0.951199148635 0.951199148635 0.928666666667 0.951199148635
Yes
0.850866870454 0.850866870454 0.93 0.850866870454
No
0.95245295555 0.95245295555 0.93 0.95245295555
Yes
0.853176330177 0.853176330177 0.931 0.853176330177
No
0.953196356111 0.953196356111 0.931 0.953196356111
Yes
0.846259899799 0.846259899799 0.929 0.846259899799
No
0.953095014226 0.953095014226 0.929 0.953095014226
Yes
0.84985259222 0.84985259222 0.929333333333 0.84985259222
No
0.952301327642 0.952301327642 0.929333333333 0.952301327642
Yes
0.850213675792 0.850213675792 0.929 0.850213675792
No
0.952017525066 0.952017525066 0.929 0.952017525066
Yes
0.850039438942 0.850039438942 0.93 0.850039438942
No
0.953156799942 0.953156799942 0.93 0.953156799942
Yes
0.849442451663 0.849442451663 0.928666666667 0.849442451663
No
0.952142123823 0.952142123823 0.928666666667 0.952142123823
