0.771672643579 0.854195671123
0.769860898073 0.853992386264
0.772643214341 0.850812765575
0.774450371885 0.84813237081
0.773884764922 0.850092638476
0.776894713978 0.859980735197
0.776244848102 0.859070209767
0.768329502171 0.853705352233
0.773193180847 0.85127544068
0.775356000758 0.85592156505
0.782742053444 0.858504541519
0.774766416607 0.851169465262
0.77011697573 0.845050281632
0.775844051224 0.855924200379
0.763707021164 0.851375458136
0.772979501754 0.848250365122
0.770039711802 0.855303831289
0.77290149444 0.853934153817
0.775965075306 0.856202795731
0.774128000075 0.854192365455
0.770073143163 0.854869916877
0.772587472636 0.851852326162
0.773774601628 0.853171113983
